<?xml version="1.0"?>
<opencv_storage>
<H type_id="opencv-matrix">
  <rows>3</rows>
  <cols>3</cols>
  <dt>f</dt>
  <data>
    9.41860795e-001 -4.95044708e-001 1.85464325e+001
    0. -5.72573803e-002 1.56762665e+002
    0. -1.52398052e-003 1.</data></H>
</opencv_storage>
