<?xml version="1.0"?>
<opencv_storage>
<invertible_test_H type_id="opencv-matrix">
  <rows>3</rows>
  <cols>3</cols>
  <dt>f</dt>
  <data>
    1.19031417e+000 2.32797122e+000 -4.40263855e+002 0. 5.03255653e+000
    -8.27179199e+002 0. 7.33226025e-003 -2.05171466e-001</data></invertible_test_H>
</opencv_storage>
